# §4.1.31: Dual-Channel Unification Experiment

## Design

- Dimensions: [2, 3, 4]
- Sizes: [128, 256, 512]
- Hubble values: [0.0, 0.25, 0.5, 1.0, 2.0]
- Total realizations: 360
- Both antichain and B_ℓ features extracted from the **same** sprinklings
- Core question: do the two confirmed DDT escape channels measure the same geometric content?

## Q1: Independent Channel Performance vs H²

Replication of §4.1.27/28 on the same sprinklings.

### Antichain features vs H² (pooled by d)

| d | w_max_ratio | layer_ratio | mean_layer_width | layer_width_std | layer_width_cv | max_layer_width_ratio | layer_entropy |
|---|------|------|------|------|------|------|------|
| 2 | **+0.733** | **-0.464** | **+0.464** | **+0.686** | **+0.675** | **+0.609** | **-0.523** |
| 3 | **+0.885** | **-0.497** | **+0.497** | **+0.685** | **+0.683** | **+0.820** | **-0.766** |
| 4 | **+0.946** | **-0.490** | **+0.490** | **+0.729** | **+0.758** | **+0.889** | **-0.852** |

### B_ℓ spectral features vs H² (pooled by d)

| d | b1_mean | b1_std | b1_neg_frac | eig_min | eig_max | eig_gap | eig_spread |
|---|------|------|------|------|------|------|------|
| 2 | +0.099 | **-0.397** | +0.075 | **+0.245** | *-0.234* | -0.036 | **-0.239** |
| 3 | **+0.725** | **-0.711** | +0.055 | **+0.446** | **-0.464** | +0.036 | **-0.454** |
| 4 | +0.045 | **-0.864** | **-0.355** | **+0.738** | **-0.736** | *-0.195* | **-0.738** |

## Q2: Density-Residual Analysis per Channel per (d, N)

After OLS-removing n_causal_pairs, Spearman ρ(residual, H²).

| d | N | w_max_ratio | mean_layer_width | layer_width_std | layer_ratio | b1_std | eig_min | eig_max | eig_spread |
|---|---|------|------|------|------|------|------|------|------|
| 2 | 128 | -0.126 | -0.101 | -0.132 | +0.089 | +0.037 | -0.049 | +0.074 | +0.110 |
| 2 | 256 | -0.179 | -0.124 | -0.141 | +0.031 | +0.003 | -0.057 | +0.041 | +0.051 |
| 2 | 512 | -0.205 | -0.136 | -0.224 | +0.058 | +0.029 | -0.144 | -0.003 | +0.092 |
| 3 | 128 | -0.081 | -0.297 | -0.089 | +0.002 | +0.023 | -0.078 | +0.075 | +0.084 |
| 3 | 256 | -0.058 | -0.179 | -0.133 | -0.044 | +0.052 | -0.170 | +0.168 | +0.152 |
| 3 | 512 | -0.090 | -0.115 | -0.181 | -0.092 | +0.135 | -0.196 | +0.133 | +0.167 |
| 4 | 128 | +0.064 | -0.103 | +0.014 | -0.074 | +0.008 | +0.130 | -0.119 | -0.129 |
| 4 | 256 | +0.070 | -0.265 | -0.127 | +0.046 | -0.043 | +0.026 | -0.028 | -0.035 |
| 4 | 512 | +0.095 | -0.046 | -0.103 | +0.018 | -0.083 | +0.014 | -0.017 | -0.017 |

### Summary: Beyond-density count per (d, N)

| d | N | AC beyond | B_ℓ beyond | Total |
|---|---|-----------|-----------|-------|
| 2 | 128 | 0/4 | 0/4 | 0/8 |
| 2 | 256 | 0/4 | 0/4 | 0/8 |
| 2 | 512 | 0/4 | 0/4 | 0/8 |
| 3 | 128 | 0/4 | 0/4 | 0/8 |
| 3 | 256 | 0/4 | 0/4 | 0/8 |
| 3 | 512 | 0/4 | 0/4 | 0/8 |
| 4 | 128 | 0/4 | 0/4 | 0/8 |
| 4 | 256 | 0/4 | 0/4 | 0/8 |
| 4 | 512 | 0/4 | 0/4 | 0/8 |

## Q3: Cross-Channel Residual Correlation (KEY TEST)

After removing density from both channels independently,
do their residuals correlate with each other?

- High |ρ| → same underlying geometric content (unified E-bulk)
- Low |ρ| → independent signals (multi-dimensional E-bulk)

### Best-representative cross-correlation

AC representative: w_max_ratio (strongest antichain)
B_ℓ representative: b1_std (strongest B_ℓ spectral)

| d | N | ρ(AC_resid, Bℓ_resid) | p-value | interpretation |
|---|---|----------------------|---------|----------------|
| 2 | 128 | -0.183 | 2.57e-01 | independent signals |
| 2 | 256 | -0.008 | 9.59e-01 | independent signals |
| 2 | 512 | -0.332 | 3.66e-02 | partial overlap |
| 3 | 128 | -0.489 | 1.36e-03 | partial overlap |
| 3 | 256 | -0.712 | 2.63e-07 | **UNIFIED** (same content) |
| 3 | 512 | -0.860 | 1.14e-12 | **UNIFIED** (same content) |
| 4 | 128 | -0.479 | 1.76e-03 | partial overlap |
| 4 | 256 | -0.656 | 4.34e-06 | **UNIFIED** (same content) |
| 4 | 512 | -0.851 | 3.58e-12 | **UNIFIED** (same content) |

### Full cross-correlation matrix (d=4 slices)


#### d=2, N=128

| | w_max_ratio | mean_layer_width | layer_width_std | layer_ratio | b1_std | eig_min | eig_max | eig_spread |
|---|------|------|------|------|------|------|------|------|
| w_max_ratio | +1.000 | +0.294 | +0.368 | -0.151 | -0.183 | +0.022 | -0.110 | -0.035 |
| mean_layer_width | +0.294 | +1.000 | +0.080 | -0.949 | -0.141 | -0.095 | +0.143 | +0.120 |
| layer_width_std | +0.368 | +0.080 | +1.000 | +0.058 | -0.276 | +0.074 | +0.121 | +0.056 |
| layer_ratio | -0.151 | -0.949 | +0.058 | +1.000 | +0.080 | +0.159 | -0.230 | -0.194 |
| b1_std | -0.183 | -0.141 | -0.276 | +0.080 | +1.000 | -0.474 | +0.327 | +0.412 |
| eig_min | +0.022 | -0.095 | +0.074 | +0.159 | -0.474 | +1.000 | -0.742 | -0.923 |
| eig_max | -0.110 | +0.143 | +0.121 | -0.230 | +0.327 | -0.742 | +1.000 | +0.921 |
| eig_spread | -0.035 | +0.120 | +0.056 | -0.194 | +0.412 | -0.923 | +0.921 | +1.000 |

#### d=2, N=256

| | w_max_ratio | mean_layer_width | layer_width_std | layer_ratio | b1_std | eig_min | eig_max | eig_spread |
|---|------|------|------|------|------|------|------|------|
| w_max_ratio | +1.000 | +0.564 | +0.745 | -0.294 | -0.008 | +0.049 | -0.137 | -0.127 |
| mean_layer_width | +0.564 | +1.000 | +0.418 | -0.911 | +0.228 | -0.125 | +0.092 | +0.130 |
| layer_width_std | +0.745 | +0.418 | +1.000 | -0.200 | +0.215 | -0.117 | +0.221 | +0.176 |
| layer_ratio | -0.294 | -0.911 | -0.200 | +1.000 | -0.288 | +0.154 | -0.132 | -0.173 |
| b1_std | -0.008 | +0.228 | +0.215 | -0.288 | +1.000 | -0.546 | +0.358 | +0.485 |
| eig_min | +0.049 | -0.125 | -0.117 | +0.154 | -0.546 | +1.000 | -0.602 | -0.870 |
| eig_max | -0.137 | +0.092 | +0.221 | -0.132 | +0.358 | -0.602 | +1.000 | +0.895 |
| eig_spread | -0.127 | +0.130 | +0.176 | -0.173 | +0.485 | -0.870 | +0.895 | +1.000 |

#### d=2, N=512

| | w_max_ratio | mean_layer_width | layer_width_std | layer_ratio | b1_std | eig_min | eig_max | eig_spread |
|---|------|------|------|------|------|------|------|------|
| w_max_ratio | +1.000 | +0.583 | +0.713 | -0.257 | -0.332 | +0.232 | -0.030 | -0.118 |
| mean_layer_width | +0.583 | +1.000 | +0.258 | -0.873 | -0.260 | +0.192 | +0.114 | +0.002 |
| layer_width_std | +0.713 | +0.258 | +1.000 | +0.079 | -0.174 | +0.053 | -0.022 | -0.009 |
| layer_ratio | -0.257 | -0.873 | +0.079 | +1.000 | +0.146 | -0.105 | -0.135 | -0.038 |
| b1_std | -0.332 | -0.260 | -0.174 | +0.146 | +1.000 | -0.559 | +0.437 | +0.528 |
| eig_min | +0.232 | +0.192 | +0.053 | -0.105 | -0.559 | +1.000 | -0.715 | -0.907 |
| eig_max | -0.030 | +0.114 | -0.022 | -0.135 | +0.437 | -0.715 | +1.000 | +0.914 |
| eig_spread | -0.118 | +0.002 | -0.009 | -0.038 | +0.528 | -0.907 | +0.914 | +1.000 |

#### d=3, N=128

| | w_max_ratio | mean_layer_width | layer_width_std | layer_ratio | b1_std | eig_min | eig_max | eig_spread |
|---|------|------|------|------|------|------|------|------|
| w_max_ratio | +1.000 | +0.667 | +0.715 | -0.457 | -0.489 | +0.606 | -0.520 | -0.570 |
| mean_layer_width | +0.667 | +1.000 | +0.306 | -0.867 | -0.365 | +0.457 | -0.430 | -0.456 |
| layer_width_std | +0.715 | +0.306 | +1.000 | -0.076 | -0.331 | +0.583 | -0.562 | -0.590 |
| layer_ratio | -0.457 | -0.867 | -0.076 | +1.000 | +0.217 | -0.277 | +0.294 | +0.300 |
| b1_std | -0.489 | -0.365 | -0.331 | +0.217 | +1.000 | -0.446 | +0.397 | +0.426 |
| eig_min | +0.606 | +0.457 | +0.583 | -0.277 | -0.446 | +1.000 | -0.967 | -0.987 |
| eig_max | -0.520 | -0.430 | -0.562 | +0.294 | +0.397 | -0.967 | +1.000 | +0.990 |
| eig_spread | -0.570 | -0.456 | -0.590 | +0.300 | +0.426 | -0.987 | +0.990 | +1.000 |

#### d=3, N=256

| | w_max_ratio | mean_layer_width | layer_width_std | layer_ratio | b1_std | eig_min | eig_max | eig_spread |
|---|------|------|------|------|------|------|------|------|
| w_max_ratio | +1.000 | +0.755 | +0.870 | -0.492 | -0.712 | +0.418 | -0.531 | -0.480 |
| mean_layer_width | +0.755 | +1.000 | +0.632 | -0.860 | -0.671 | +0.356 | -0.428 | -0.395 |
| layer_width_std | +0.870 | +0.632 | +1.000 | -0.351 | -0.633 | +0.400 | -0.531 | -0.459 |
| layer_ratio | -0.492 | -0.860 | -0.351 | +1.000 | +0.486 | -0.206 | +0.239 | +0.231 |
| b1_std | -0.712 | -0.671 | -0.633 | +0.486 | +1.000 | -0.540 | +0.571 | +0.567 |
| eig_min | +0.418 | +0.356 | +0.400 | -0.206 | -0.540 | +1.000 | -0.919 | -0.979 |
| eig_max | -0.531 | -0.428 | -0.531 | +0.239 | +0.571 | -0.919 | +1.000 | +0.971 |
| eig_spread | -0.480 | -0.395 | -0.459 | +0.231 | +0.567 | -0.979 | +0.971 | +1.000 |

#### d=3, N=512

| | w_max_ratio | mean_layer_width | layer_width_std | layer_ratio | b1_std | eig_min | eig_max | eig_spread |
|---|------|------|------|------|------|------|------|------|
| w_max_ratio | +1.000 | +0.729 | +0.795 | -0.354 | -0.860 | +0.513 | -0.419 | -0.497 |
| mean_layer_width | +0.729 | +1.000 | +0.603 | -0.813 | -0.765 | +0.441 | -0.359 | -0.442 |
| layer_width_std | +0.795 | +0.603 | +1.000 | -0.166 | -0.778 | +0.477 | -0.392 | -0.466 |
| layer_ratio | -0.354 | -0.813 | -0.166 | +1.000 | +0.389 | -0.129 | +0.117 | +0.153 |
| b1_std | -0.860 | -0.765 | -0.778 | +0.389 | +1.000 | -0.623 | +0.562 | +0.632 |
| eig_min | +0.513 | +0.441 | +0.477 | -0.129 | -0.623 | +1.000 | -0.881 | -0.960 |
| eig_max | -0.419 | -0.359 | -0.392 | +0.117 | +0.562 | -0.881 | +1.000 | +0.966 |
| eig_spread | -0.497 | -0.442 | -0.466 | +0.153 | +0.632 | -0.960 | +0.966 | +1.000 |

#### d=4, N=128

| | w_max_ratio | mean_layer_width | layer_width_std | layer_ratio | b1_std | eig_min | eig_max | eig_spread |
|---|------|------|------|------|------|------|------|------|
| w_max_ratio | +1.000 | +0.685 | +0.796 | -0.547 | -0.479 | +0.749 | -0.761 | -0.759 |
| mean_layer_width | +0.685 | +1.000 | +0.701 | -0.885 | -0.417 | +0.778 | -0.789 | -0.783 |
| layer_width_std | +0.796 | +0.701 | +1.000 | -0.470 | -0.438 | +0.807 | -0.818 | -0.814 |
| layer_ratio | -0.547 | -0.885 | -0.470 | +1.000 | +0.357 | -0.714 | +0.725 | +0.720 |
| b1_std | -0.479 | -0.417 | -0.438 | +0.357 | +1.000 | -0.470 | +0.483 | +0.472 |
| eig_min | +0.749 | +0.778 | +0.807 | -0.714 | -0.470 | +1.000 | -0.995 | -0.998 |
| eig_max | -0.761 | -0.789 | -0.818 | +0.725 | +0.483 | -0.995 | +1.000 | +0.999 |
| eig_spread | -0.759 | -0.783 | -0.814 | +0.720 | +0.472 | -0.998 | +0.999 | +1.000 |

#### d=4, N=256

| | w_max_ratio | mean_layer_width | layer_width_std | layer_ratio | b1_std | eig_min | eig_max | eig_spread |
|---|------|------|------|------|------|------|------|------|
| w_max_ratio | +1.000 | +0.764 | +0.827 | -0.720 | -0.656 | +0.779 | -0.770 | -0.773 |
| mean_layer_width | +0.764 | +1.000 | +0.665 | -0.900 | -0.549 | +0.763 | -0.754 | -0.750 |
| layer_width_std | +0.827 | +0.665 | +1.000 | -0.520 | -0.579 | +0.786 | -0.781 | -0.782 |
| layer_ratio | -0.720 | -0.900 | -0.520 | +1.000 | +0.459 | -0.629 | +0.618 | +0.615 |
| b1_std | -0.656 | -0.549 | -0.579 | +0.459 | +1.000 | -0.731 | +0.732 | +0.732 |
| eig_min | +0.779 | +0.763 | +0.786 | -0.629 | -0.731 | +1.000 | -0.998 | -0.998 |
| eig_max | -0.770 | -0.754 | -0.781 | +0.618 | +0.732 | -0.998 | +1.000 | +0.999 |
| eig_spread | -0.773 | -0.750 | -0.782 | +0.615 | +0.732 | -0.998 | +0.999 | +1.000 |

#### d=4, N=512

| | w_max_ratio | mean_layer_width | layer_width_std | layer_ratio | b1_std | eig_min | eig_max | eig_spread |
|---|------|------|------|------|------|------|------|------|
| w_max_ratio | +1.000 | +0.839 | +0.875 | -0.698 | -0.851 | +0.858 | -0.865 | -0.865 |
| mean_layer_width | +0.839 | +1.000 | +0.747 | -0.902 | -0.709 | +0.868 | -0.872 | -0.872 |
| layer_width_std | +0.875 | +0.747 | +1.000 | -0.609 | -0.844 | +0.874 | -0.877 | -0.877 |
| layer_ratio | -0.698 | -0.902 | -0.609 | +1.000 | +0.594 | -0.694 | +0.700 | +0.700 |
| b1_std | -0.851 | -0.709 | -0.844 | +0.594 | +1.000 | -0.789 | +0.796 | +0.796 |
| eig_min | +0.858 | +0.868 | +0.874 | -0.694 | -0.789 | +1.000 | -0.998 | -0.998 |
| eig_max | -0.865 | -0.872 | -0.877 | +0.700 | +0.796 | -0.998 | +1.000 | +1.000 |
| eig_spread | -0.865 | -0.872 | -0.877 | +0.700 | +0.796 | -0.998 | +1.000 | +1.000 |

## Q4: N-Scaling of Cross-Channel Correlation

Does the cross-channel correlation strengthen or weaken with N?

| d | N | ρ_cross(AC, Bℓ) |
|---|---|-----------------|
| 2 | 128 | -0.183 |
| 2 | 256 | -0.008 |
| 2 | 512 | -0.332 |
| 3 | 128 | -0.489 |
| 3 | 256 | -0.712 |
| 3 | 512 | -0.860 |
| 4 | 128 | -0.479 |
| 4 | 256 | -0.656 |
| 4 | 512 | -0.851 |

**d=2 trend**: ρ(N, |cross_corr|) = +0.500 (p=6.67e-01) → **strengthening**

**d=3 trend**: ρ(N, |cross_corr|) = +1.000 (p=0.00e+00) → **strengthening**

**d=4 trend**: ρ(N, |cross_corr|) = +1.000 (p=0.00e+00) → **strengthening**


## Q5: Combined Proxy Analysis

Can a linear combination of AC + B_ℓ residuals explain more H² variance than either alone?

| d | N | R²(AC only) | R²(Bℓ only) | R²(combined) | ΔR² |
|---|---|------------|-------------|--------------|------|
| 2 | 128 | 0.047 | 0.011 | 0.051 | +0.004 |
| 2 | 256 | 0.067 | 0.005 | 0.072 | +0.005 |
| 2 | 512 | 0.084 | 0.014 | 0.085 | +0.001 |
| 3 | 128 | 0.158 | 0.068 | 0.162 | +0.004 |
| 3 | 256 | 0.182 | 0.119 | 0.186 | +0.004 |
| 3 | 512 | 0.179 | 0.140 | 0.180 | +0.000 |
| 4 | 128 | 0.278 | 0.055 | 0.284 | +0.006 |
| 4 | 256 | 0.301 | 0.165 | 0.302 | +0.001 |
| 4 | 512 | 0.346 | 0.286 | 0.346 | +0.000 |

## Conclusion

**Cross-channel correlation summary**: 9 (d,N) slices tested
- Unified (|ρ| > 0.5): 4/9
- Partial overlap (0.3 < |ρ| ≤ 0.5): 3/9
- Independent (|ρ| ≤ 0.3): 2/9

**VERDICT: PARTIAL UNIFICATION** — the two channels share significant
common content but also carry independent information.
E-bulk may have 1–2 post-density degrees of freedom.

